f1:
x_0: 1.0000000000000000000000000000000000000000
x_1: 2.7142857142857144125969171000178903341293
x_2: 6.6703296703296626191104223835282027721405
x_3: 4.5884182941645317299617090611718595027924
x_4: 4.0542806655397019000020009116269648075104
x_5: 4.0006103727650916823677107458934187889099
x_6: 4.0000000798022696812950016465038061141968
--------------------------
x_7: 4.0000000000000017763568394002504646778107


x_0: 2.6000000000000000888178419700125232338905
x_1: 12.6799999999999570832187600899487733840942
x_2: 6.7161479666079335615336276532616466283798
x_3: 4.6026745400881985403884755214676260948181
x_4: 4.0565809542315447444593701220583170652390
x_5: 4.0006622697327500759456597734242677688599
x_6: 4.0000000939464683824553503654897212982178
--------------------------
x_7: 4.0000000000000017763568394002504646778107


f2:
x_0: 2.6000000000000000888178419700125232338905
x_1: 2.0461538461538468780531729862559586763382
x_2: 2.0118799002782097318231535609811544418335
x_3: 2.0029954249186290304862723132828250527382
x_4: 2.0007505222470456374139757826924324035645
x_5: 2.0001877359199791150956571073038503527641
x_6: 2.0000469405843586123694421985419467091560
x_7: 2.0000117355591675583070809807395562529564
x_8: 2.0000029339156140117950144485803321003914
x_9: 2.0000007334805176562042561272392049431801
x_10: 2.0000001833702301112793975335080176591873
--------------------------
x_11: 2.0000000458425639671133922092849388718605


--------------------------
(!) x_0: 1.0000000000000000000000000000000000000000
